kappa = 1.000000e+00
A = 1.000000e+00
a = 0.000000e+00
time_step = 5000
dt = 1.000000e+00
Nx = 1024
Ny = 1024
dx = 1.000000e+00
dy = 1.000000e+00
c_zero = 5.000000e-01
c_noise = 5.000000e-02
average_comp = 5.000234e-01
